Monster Massively Multiplayer Online (A.K.A. M.M.M.O.) Maximum Player Server Capacity Amounts Table

Maximum player server capacity amounts table:
000.) 0 to 1
001.) 1 to 2
002.) 2 to 4
003.) 4 to 8
004.) 8 to 16
005.) 16 to 32
006.) 32 to 64
007.) 64 to 128
008.) 128 to 256
009.) 256 to 512
010.) 512 to 1,024
011.) 1,024 to 2,048
012.) 2,048 to 4,096
013.) 8,192 to 16,384
014.) 16,384 to 32,768
015.) 32,768 to 65,536
016.) 65,536 to 131,072
017.) 131,072 to 262,144
018.) 262,144 to 524,288
019.) 524,288 to 1,048,576
020.) 1,048,576 to 2,097,152
021.) 2,097,152 to 4,194,304
022.) 4,194,304 to 8,388,608
023.) 8,388,608 to 16,777,216
024.) 16,777,216 to 33,554,432
025.) 33,554,432 to 67,108,864
026.) 67,108,864 to 134,217,728
027.) 134,217,728 to 268,435,456
028.) 268,435,456 to 536,870,912
029.) 536,870,912 to 1,073,741,824
030.) 1,073,741,824 to 2,147,483,648
031.) 2,147,483,648 to 4,294,967,296
032.) 4,294,967,296 to 8,589,934,592
033.) 8,589,934,592 to 17,179,869,184
034.) 17,179,869,184 to 34,359,738,368
035.) 34,359,738,368 to 68,719,476,736
036.) 68,719,476,736 to 137,438,953,472
037.) 137,438,953,472 to 274,877,906,944
038.) 274,877,906,944 to 549,755,813,888
039.) 549,755,813,888 to 1,099,511,627,776
040.) 1,099,511,627,776 to 2,199,023,255,552
041.) 2,199,023,255,552 to 4,398,046,511,104
042.) 4,398,046,511,104 to 8,796,093,022,208
043.) 8,796,093,022,208 to 17,592,186,044,416
044.) 17,592,186,044,416 to 35,184,372,088,832
045.) 35,184,372,088,832 to 70,368,744,177,664
046.) 70,368,744,177,664 to 140,737,488,355,328
047.) 140,737,488,355,328 to 281,474,976,710,656
048.) 281,474,976,710,656 to 562,949,953,421,312
049.) 562,949,953,421,312 to 1,125,899,906,842,624
050.) 1,125,899,906,842,624 to 2,251,799,813,685,248
051.) 2,251,799,813,685,248 to 4,503,599,627,370,496
052.) 4,503,599,627,370,496 to 9,007,199,254,740,992
053.) 9,007,199,254,740,992 to 18,014,398,509,481,984
054.) 18,014,398,509,481,984 to 36,028,797,018,963,968
055.) 36,028,797,018,963,968 to 72,057,594,037,927,936
056.) 72,057,594,037,927,936 to 144,115,188,075,855,872
057.) 144,115,188,075,855,872 to 288,230,376,151,711,744
058.) 288,230,376,151,711,744 to 576,460,752,303,423,488
059.) 576,460,752,303,423,488 to 1,152,921,504,606,846,976
060.) 1,152,921,504,606,846,976 to 2,305,843,009,213,693,952
061.) 2,305,843,009,213,693,952 to 4,611,686,018,427,387,904
062.) 4,611,686,018,427,387,904 to 9,223,372,036,854,775,808
063.) 9,223,372,036,854,775,808 to 18,446,744,073,709,551,616
064.) 18,446,744,073,709,551,616 to 36,893,488,147,419,103,232

-Matthew Gordon Roulston Ambitionfire 10:26 PM 09th / 06 (June) / 2025
