Top R.P.G.s For 8 Geocultural Continents

North America

Top 1 to 8:
001.) World of Warcraft / Warcraft Franchise
002.) Baldur's Gate / Faerun and Dungeons and Dragons Franchise
003.) Tolkien Franchise / Lord of the Rings Online
004.) Skyrim and Oblivion / Elder Scrolls Franchise
005.) Diablo I + Diablo II / Diablo Franchise
006.) EverQuest / EverQuest Franchise
007.) Conan Franchise / Age of Conan: Unchained + Conan Exiles
008.) Ultima Series / Ultima Franchise

Top 9 to 64: (Work In Progress)
009.) Dragon Age Origins / Dragon Age Franchise
010.) Darkest Dungeon / Darkest Dungeon Franchise
011.) Guild Wars / Guild Wars Franchise
012.) Torchlight / Torchlight Franchise
013.) Grim Dawn
014.) Titan Quest
015.) Path of Exile
016.) Pillars of Eternity
017.) Fable
018.) Wizardry
019.) Might and Magic
020.) Bard's Tale
021.) King's Quest
022.) Dark Age of Camelot
023.) Warhammer Franchise
024.) RIFT
025.) 
026.) 
027.) 
028.) 
029.) 
030.) 
031.) 
032.) 
033.) 
034.) 
035.) 
036.) 
037.) 
038.) 
039.) 
040.) 
041.) 
042.) 
043.) 
044.) 
045.) 
046.) 
047.) 
048.) 
049.) 
050.) Dungeon Siege
051.) 
052.) 
053.) 
054.) 
055.) 
056.) 
057.) 
058.) 
059.) 
060.) 
061.) 
062.) 
063.) 
064.) 



Top 65 to 216:

Top 217 to 512:



Europe

Top 1 to 8:
001.) 
002.)
003.) 
004.) 
005.) 
006.) 
007.) 
008.) 

Top 9 to 64:
009.) 
010.) 
011.) 
012.) 
013.) 
014.) 
015.) 
016.) 
017.) 
018.) 
019.) 
020.) 
021.) 
022.) 
023.) 
024.) 
025.) 
026.) 
027.) 
028.) 
029.) 
030.) 
031.) 
032.) 
033.) 
034.) 
035.) 
036.) 
037.) 
038.) 
039.) 
040.) 
041.) 
042.) 
043.) 
044.) 
045.) 
046.) 
047.) 
048.) 
049.) 
050.) 
051.) 
052.) 
053.) 
054.) 
055.) 
056.) 
057.) 
058.) 
059.) 
060.) 
061.) 
062.) 
063.) 
064.) 



Top 65 to 216:

Top 217 to 512:



Asia

Top 1 to 8:
001.) 
002.)
003.) 
004.) 
005.) 
006.) 
007.) 
008.) 

Top 9 to 64:
009.) 
010.) 
011.) 
012.) 
013.) 
014.) 
015.) 
016.) 
017.) 
018.) 
019.) 
020.) 
021.) 
022.) 
023.) 
024.) 
025.) 
026.) 
027.) 
028.) 
029.) 
030.) 
031.) 
032.) 
033.) 
034.) 
035.) 
036.) 
037.) 
038.) 
039.) 
040.) 
041.) 
042.) 
043.) 
044.) 
045.) 
046.) 
047.) 
048.) 
049.) 
050.) 
051.) 
052.) 
053.) 
054.) 
055.) 
056.) 
057.) 
058.) 
059.) 
060.) 
061.) 
062.) 
063.) 
064.) 



Top 65 to 216:

Top 217 to 512:



South America

Top 1 to 8:
001.) 
002.)
003.) 
004.) 
005.) 
006.) 
007.) 
008.) 

Top 9 to 64:
009.) 
010.) 
011.) 
012.) 
013.) 
014.) 
015.) 
016.) 
017.) 
018.) 
019.) 
020.) 
021.) 
022.) 
023.) 
024.) 
025.) 
026.) 
027.) 
028.) 
029.) 
030.) 
031.) 
032.) 
033.) 
034.) 
035.) 
036.) 
037.) 
038.) 
039.) 
040.) 
041.) 
042.) 
043.) 
044.) 
045.) 
046.) 
047.) 
048.) 
049.) 
050.) 
051.) 
052.) 
053.) 
054.) 
055.) 
056.) 
057.) 
058.) 
059.) 
060.) 
061.) 
062.) 
063.) 
064.) 



Top 65 to 216:

Top 217 to 512:



Oceania

Top 1 to 8:
001.) 
002.)
003.) 
004.) 
005.) 
006.) 
007.) 
008.) 

Top 9 to 64:
009.) 
010.) 
011.) 
012.) 
013.) 
014.) 
015.) 
016.) 
017.) 
018.) 
019.) 
020.) 
021.) 
022.) 
023.) 
024.) 
025.) 
026.) 
027.) 
028.) 
029.) 
030.) 
031.) 
032.) 
033.) 
034.) 
035.) 
036.) 
037.) 
038.) 
039.) 
040.) 
041.) 
042.) 
043.) 
044.) 
045.) 
046.) 
047.) 
048.) 
049.) 
050.) 
051.) 
052.) 
053.) 
054.) 
055.) 
056.) 
057.) 
058.) 
059.) 
060.) 
061.) 
062.) 
063.) 
064.) 



Top 65 to 216:

Top 217 to 512:



Africa

Top 1 to 8:
001.) 
002.)
003.) 
004.) 
005.) 
006.) 
007.) 
008.) 

Top 9 to 64:
009.) 
010.) 
011.) 
012.) 
013.) 
014.) 
015.) 
016.) 
017.) 
018.) 
019.) 
020.) 
021.) 
022.) 
023.) 
024.) 
025.) 
026.) 
027.) 
028.) 
029.) 
030.) 
031.) 
032.) 
033.) 
034.) 
035.) 
036.) 
037.) 
038.) 
039.) 
040.) 
041.) 
042.) 
043.) 
044.) 
045.) 
046.) 
047.) 
048.) 
049.) 
050.) 
051.) 
052.) 
053.) 
054.) 
055.) 
056.) 
057.) 
058.) 
059.) 
060.) 
061.) 
062.) 
063.) 
064.) 



Top 65 to 216:

Top 217 to 512:



Zealandia

Top 1 to 8:
001.) 
002.)
003.) 
004.) 
005.) 
006.) 
007.) 
008.) 

Top 9 to 64:
009.) 
010.) 
011.) 
012.) 
013.) 
014.) 
015.) 
016.) 
017.) 
018.) 
019.) 
020.) 
021.) 
022.) 
023.) 
024.) 
025.) 
026.) 
027.) 
028.) 
029.) 
030.) 
031.) 
032.) 
033.) 
034.) 
035.) 
036.) 
037.) 
038.) 
039.) 
040.) 
041.) 
042.) 
043.) 
044.) 
045.) 
046.) 
047.) 
048.) 
049.) 
050.) 
051.) 
052.) 
053.) 
054.) 
055.) 
056.) 
057.) 
058.) 
059.) 
060.) 
061.) 
062.) 
063.) 
064.) 



Top 65 to 216:

Top 217 to 512:



Antarctica

Top 1 to 8:
001.) 
002.)
003.) 
004.) 
005.) 
006.) 
007.) 
008.) 

Top 9 to 64:
009.) 
010.) 
011.) 
012.) 
013.) 
014.) 
015.) 
016.) 
017.) 
018.) 
019.) 
020.) 
021.) 
022.) 
023.) 
024.) 
025.) 
026.) 
027.) 
028.) 
029.) 
030.) 
031.) 
032.) 
033.) 
034.) 
035.) 
036.) 
037.) 
038.) 
039.) 
040.) 
041.) 
042.) 
043.) 
044.) 
045.) 
046.) 
047.) 
048.) 
049.) 
050.) 
051.) 
052.) 
053.) 
054.) 
055.) 
056.) 
057.) 
058.) 
059.) 
060.) 
061.) 
062.) 
063.) 
064.) 



Top 65 to 216:

Top 217 to 512:



-Matthew Gordon Roulston Ambitionfire 9:34 PM 01st / 11 (November) / 2025